5
Square_4x4_matrix
4 4
9
3 4 5 9 2 3 1 4 6
0 1 1 2 0 2 3 1 3
0 2 4 7 9
2 3 4 5
18 51 21 42
Big_matrix
4 7
14
3 4 5 1 4 5 1 4 7 7 1 7 11 18
2 4 6 1 5 6 1 2 6 0 1 2 4 5
0 3 6 9 14
148 41 22 26 77 11 42
584 295 423 2276
Biggish_matrix
6 6
19
7357 7533 -10318 -2747 10192 -958 -2793 -1332 -1352 -569 -8973 11034 10285 4202 5574 621 -8433 -10000 -7642
1 5 3 2 4 5 0 2 4 5 0 1 2 3 4 5 2 3 4 
0 2 3 6 10 16 19
-10564 68 -780 1832 8642 -3596 
-26588392 -18902576 93666892 20906352 141154240 -77784424 
Bigger_matrix
9 9
42
5574 -8433 -10564 -3596 1405 -4712 -5910 -7288 -51 -3956 -10569 11238 -3056 5677 -2317 9686 -5254 -3014 -4377 6861 -9558 -8890 3837 -6327 10417 -11194 2401 -5693 -5401 11077 -3193 -1823 -6529 -3475 2188 8639 5827 -4675 9287 -11379 9933 6283
1 5 0 5 7 8 0 2 4 5 6 7 8 0 1 2 5 6 7 0 6 7 8 0 1 3 4 6 8 1 2 2 3 5 6 7 8 1 3 4 5 7
0 2 6 13 19 23 29 31 37 42
5662 7589 -2830 9915 798 10818 6556 3235 -4011
-48927108 -75269889 -76351904 -103609070 -67964623 -81501270 93099543 -78248899 175302287
Biggest_matrix
10 10
56
-4712 -10590 11238 600 -5254 -3014 -4377 6861 4631 -3579 -9017 10262 -9558 -8890 3837 -6327 -11194 2401 1081 -8024 3680 7903 -9131 252 2454 -620 -1823 3363 2188 5827 -11083 5662 7589 9915 798 10818 6556 -4011 -9907 8041 9435 11467 -1671 10714 -1796 -333 -8892 2346 -7958 4572 -1412 10249 6462 -1355 4122 10391 
1 5 9 4 6 7 8 0 2 3 4 5 6 7 8 9 2 3 4 6 2 3 4 5 6 8 9 1 3 5 6 5 6 8 9 0 1 3 5 6 7 9 1 3 6 8 9 0 1 2 3 4 5 6 7 8 
0 3 7 16 20 27 31 35 42 47 56 
-10279 -4809 10663 -2111 -4059 10374 -6055 9212 -7837 1960 
-65174172 35915151 62976915 -80232592 48660474 106765328 -63353582 -176331738 -18525234 56065675