4
Square_4x4_matrix
4 4
9
3 4 5 9 2 3 1 4 6
0 1 1 2 0 2 3 1 3
0 2 4 7 9
2 3 4 5
18 51 21 42
Big_matrix
4 7
14
3 4 5 1 4 5 1 4 7 7 1 7 11 18
2 4 6 1 5 6 1 2 6 0 1 2 4 5
0 3 6 9 14
148 41 22 26 77 11 42
584 295 423 2276
Biggish_matrix
6 6
19
7357 7533 -10318 -2747 10192 -958 -2793 -1332 -1352 -569 -8973 11034 10285 4202 5574 621 -8433 -10000 -7642
1 5 3 2 4 5 0 2 4 5 0 1 2 3 4 5 2 3 4 
0 2 3 6 10 16 19
-10564 68 -780 1832 8642 -3596 
-26588392 -18902576 93666892 20906352 141154240 -77784424 
Bigger_matrix
9 9
42
5574 -8433 -10564 -3596 1405 -4712 -5910 -7288 -51 -3956 -10569 11238 -3056 5677 -2317 9686 -5254 -3014 -4377 6861 -9558 -8890 3837 -6327 10417 -11194 2401 -5693 -5401 11077 -3193 -1823 -6529 -3475 2188 8639 5827 -4675 9287 -11379 9933 6283
1 5 0 5 7 8 0 2 4 5 6 7 8 0 1 2 5 6 7 0 6 7 8 0 1 3 4 6 8 1 2 2 3 5 6 7 8 1 3 4 5 7
0 2 6 13 19 23 29 31 37 42
5662 7589 -2830 9915 798 10818 6556 3235 -4011
-48927108 -75269889 -76351904 -103609070 -67964623 -81501270 93099543 -78248899 175302287